# Created by Octave 4.4.1, Mon Nov 19 23:19:41 2018 GMT <unknown@DESKTOP-IS6IQP5>
# name: Anim
# type: scalar struct
# ndims: 2
 1 1
# length: 3
# name: speed
# type: scalar
0.25


# name: plotFunc
# type: function handle
@<anonymous>
@(t, q) (drawRobot (q, param))
# length: 1
# name: param
# type: scalar struct
# ndims: 2
 1 1
# length: 23
# name: m1
# type: scalar
3.2000000000000002


# name: m2
# type: scalar
6.7999999999999998


# name: m3
# type: scalar
20


# name: m4
# type: scalar
6.7999999999999998


# name: m5
# type: scalar
3.2000000000000002


# name: I1
# type: scalar
0.93000000000000005


# name: I2
# type: scalar
1.0800000000000001


# name: I3
# type: scalar
2.2200000000000002


# name: I4
# type: scalar
1.0800000000000001


# name: I5
# type: scalar
0.93000000000000005


# name: l1
# type: scalar
0.40000000000000002


# name: l2
# type: scalar
0.40000000000000002


# name: l3
# type: scalar
0.625


# name: l4
# type: scalar
0.40000000000000002


# name: l5
# type: scalar
0.40000000000000002


# name: c1
# type: scalar
0.128


# name: c2
# type: scalar
0.16300000000000001


# name: c3
# type: scalar
0.20000000000000001


# name: c4
# type: scalar
0.16300000000000001


# name: c5
# type: scalar
0.128


# name: g
# type: scalar
9.8100000000000005


# name: stepLength
# type: scalar
0.5


# name: stepTime
# type: scalar
0.54120000000000001






# name: verbose
# type: bool
1




# name: HipPos
# type: matrix
# rows: 25
# columns: 2
 -0.26627973747511141 0.87201785367640461
 -0.24285872245818282 0.87444577224535192
 -0.21867873312942926 0.8785603030693202
 -0.19406455566714426 0.8838759801626519
 -0.16931800117533688 0.88990369680365355
 -0.14466399054869747 0.89623551171519678
 -0.12028643030112007 0.902530581749312
 -0.096344139967488585 0.90850637729559502
 -0.072975003663774241 0.91393580090939786
 -0.050290942267548655 0.91864845165153874
 -0.02836480402460833 0.92253301792827047
 -0.0072108860827433466 0.92553694563185218
 0.013237219177292023 0.92765966102766262
 0.033145429844900418 0.9289373883464761
 0.052787556325590297 0.92942074140433517
 0.072537885033308436 0.92914927568627625
 0.09284709911308564 0.92812828949068149
 0.11420613181032027 0.9263118782320926
 0.13710625314868166 0.92359372488614033
 0.16200389806368179 0.91980489523949527
 0.18929566038861417 0.91471660483716188
 0.21930406727373919 0.90804502502075501
 0.25225407378221576 0.89945818682455514
 0.28821665687469333 0.88858780825746153
 0.3270593480516743 0.87501085395742439


# name: SwAnkPos
# type: matrix
# rows: 25
# columns: 2
 -0.59333908552678571 -0.0029930002810197864
 -0.59446399368913994 0.0093194883124579908
 -0.58895983369413085 0.021725793557131334
 -0.57715992934464522 0.033183768118356882
 -0.55936995719183835 0.042884012129248306
 -0.53585748989957371 0.050305671023388454
 -0.50686291973170894 0.055170392395469281
 -0.47260700742513567 0.057415930784764035
 -0.43329930788339116 0.057180685169743506
 -0.38914993797548197 0.054791347024202075
 -0.34038586969772472 0.050745404326149379
 -0.28727146458699909 0.045679194109160881
 -0.2301307527521626 0.040312671987764226
 -0.16936596122275588 0.035366719031283744
 -0.10546424407823504 0.031458672069117788
 -0.038984967639309226 0.028993983134985579
 0.029474781866030739 0.028079969819836514
 0.099329769766488357 0.028485471749918667
 0.17005651107913439 0.029657471991478279
 0.24122659865096496 0.03078870473470019
 0.31251154819385296 0.030917575838209088
 0.38365609882124341 0.029038324099462054
 0.45441499910526467 0.024211394332803837
 0.5244530140087218 0.015677786211996558
 0.59333908552678571 0.0029930002810197864


# name: SwAnkVel
# type: matrix
# rows: 25
# columns: 2
 -1.2251636017473573 0.48131953653347409
 -0.79141386836323901 0.38367491709525253
 -0.43342357863153835 0.27583998944685617
 -0.10978466272742299 0.16044099377557408
 0.19301051760888194 0.040942488122982817
 0.4810455976688261 -0.078572091875790034
 0.75620436949615777 -0.19389523987409546
 1.0176369989049423 -0.30113166783505607
 1.2624922294509471 -0.39702369835098694
 1.4864263801373379 -0.47915879457170496
 1.6841288888362054 -0.54604426539269113
 1.8499226498326811 -0.59703560782970211
 1.9783552034395062 -0.63214544257404781
 2.0646304760852812 -0.65183267814971568
 2.1047646132761306 -0.65691472633518544
 2.0954533179869808 -0.64869621514963938
 2.0337154533560624 -0.62927804969925161
 1.9163944661050027 -0.60190115574815017
 1.7395866616902889 -0.57116930111347308
 1.4980732190810007 -0.54306204469518327
 1.1848546931756374 -0.52470636361981615
 0.79090506473064404 -0.52386708805171311
 0.2994383563247397 -0.54901535760398212
 -0.31897326347383925 -0.60845965536056723
 -1.0459115037599813 -0.700850436092045


# name: data
# type: scalar struct
# ndims: 2
 1 1
# length: 1
