# Created by Octave 4.2.2, Fri Oct 12 15:36:29 2018 CDT <cldebuys@cldebuys-Aspire-M3450>
# name: Anim
# type: scalar struct
# ndims: 2
 1 1
# length: 3
# name: speed
# type: scalar
0.25


# name: plotFunc
# type: function handle
@<anonymous>
@(t, q) (drawRobot (q, param))
# length: 1
# name: param
# type: scalar struct
# ndims: 2
 1 1
# length: 23
# name: m1
# type: scalar
3.2


# name: m2
# type: scalar
6.8


# name: m3
# type: scalar
20


# name: m4
# type: scalar
6.8


# name: m5
# type: scalar
3.2


# name: I1
# type: scalar
0.93


# name: I2
# type: scalar
1.08


# name: I3
# type: scalar
2.22


# name: I4
# type: scalar
1.08


# name: I5
# type: scalar
0.93


# name: l1
# type: scalar
0.4


# name: l2
# type: scalar
0.4


# name: l3
# type: scalar
0.625


# name: l4
# type: scalar
0.4


# name: l5
# type: scalar
0.4


# name: c1
# type: scalar
0.128


# name: c2
# type: scalar
0.163


# name: c3
# type: scalar
0.2


# name: c4
# type: scalar
0.163


# name: c5
# type: scalar
0.128


# name: g
# type: scalar
9.81


# name: stepLength
# type: scalar
0.5


# name: stepTime
# type: scalar
0.5412






# name: verbose
# type: bool
1




# name: data
# type: scalar struct
# ndims: 2
 1 1
# length: 1
# name: kin
# type: matrix
# rows: 44
# columns: 18
 5.322475834560834 -20.58054850813332 8.61039064663284 -1.515487692065906 -57.2434493677937 -12.15373959307076 51.70594736546472 14.84022798634916 -79.95012702245559 169.6692620884493 -244.8346480656587 -58.42150959836783 -0.302748783601179 -0.5405932265250896 0.6357437550385978 -0.6770326067307344 -0.9365638978681823 1.5308625972513
 5.931720956716617 -20.36654877165196 7.655227030315123 0.5195533539763377 -59.91352818606919 -11.87547309056887 49.53212375250274 17.39835255946007 -77.65557856241605 165.4504915481499 -217.0795787215847 22.62329288633218 -0.2638890629304646 -0.5222456365070165 0.6079171347158159 -0.5724891194841449 -0.5864629985292671 1.968488721424956
 6.491309736627727 -20.1002666363649 6.666001073076878 2.451955695528504 -62.18659499880196 -10.86453680754347 45.49502275700078 21.64895408837829 -80.424874572215 157.1058814270054 -184.8021798969727 82.18994170938223 -0.19582876462694 -0.5170399003416926 0.5561999151623022 -0.4285838273990217 -0.3076124649651932 2.192593591248706
 7.038961895806921 -19.81650928832636 5.690334162060405 4.300937769433769 -64.03042093001588 -9.495788381458866 44.52456578692631 23.06970309256436 -79.32251309077019 150.3237458459565 -149.9045472531643 111.280359844277 -0.1761916949524674 -0.5085286970423606 0.5225180370920267 -0.2898170081399118 -0.1603161123498377 2.144903564896455
 7.532183064448702 -19.47359404794056 4.676768002755344 6.027922327345975 -65.40981682179334 -8.070890091451446 40.09928200339687 27.87928783624389 -82.4037527890294 140.4052486107484 -112.1460074615824 115.8453894314975 -0.100353076842843 -0.5030099153832072 0.4620430351256651 -0.1221247214936067 -0.1008452787191051 1.872311709723905
 7.995323948846121 -19.08340978945647 3.625107789511353 7.629319788678626 -66.32607182917337 -6.772185755821582 37.65373043881451 31.72229743773066 -85.50083034503987 130.1949155555001 -74.4922770227667 105.5857183438914 -0.04871013386781518 -0.5056851473427543 0.4043385814148373 0.04520223914869497 -0.1010478656960201 1.478837113957938
 8.447483142170185 -18.65159059785954 2.560075696258667 9.118981408129006 -66.79589722118064 -5.619585657950068 36.76091002634669 35.10725134934443 -86.58797506119399 121.1107007683236 -38.19718634205414 93.70732503020432 -0.01358018130083159 -0.5064830626900743 0.3531389070336665 0.1986974982308444 -0.1125210468018364 1.083226668081288
 8.878633883006145 -18.18047605081322 1.483905303468636 10.49215115853271 -66.83266201303488 -4.583009513592543 35.05290575902116 38.30199569482271 -87.49352786910821 111.6398171059921 -2.989007467824298 84.27448328109961 0.02668218720375755 -0.5031881154148369 0.3011325507562181 0.3469841520952776 -0.1123648428385172 0.7166255296782779
 9.317901525939789 -17.68486755802506 0.414019302761533 11.75671198422107 -66.45450986824852 -3.603251683918828 35.71281649867019 40.2933733974109 -86.9826016835043 102.8098232266964 30.74407681189881 79.65510810355413 0.03761646463612316 -0.5037998611405703 0.2566988988637819 0.4833977108294453 -0.09507561436783372 0.4016673342502696
 9.74905226677572 -17.15693469629494 -0.6542466597798382 12.90902560319501 -65.67815205584625 -2.658826251611544 35.05290575901885 42.9213708723682 -86.85089126352612 93.68403406292181 63.11852133351766 76.78255547213691 0.06461743543852634 -0.5005493841773219 0.2084366559520145 0.6157896550753215 -0.0693991894176928 0.1122118267111707
 10.17686075380672 -16.60259802950587 -1.708542478881432 13.96073738264057 -64.51886745036491 -1.743526173890046 34.78117780739846 45.06802169016824 -85.71510724403203 85.5050227191509 94.2507809334428 74.41464046516236 0.08447765363200943 -0.4947699969262974 0.1660384373367113 0.7389582334625722 -0.04553823706162658 -0.1628984188903707
 10.60896642430122 -16.03938051689227 -2.734049078637019 14.91652647788463 -62.99661408166816 -0.8812246922181544 35.1305423166255 45.79004167590254 -83.37452030533225 77.70643050764765 123.7604364794102 70.10581151804001 0.0875379761786732 -0.4865938351891179 0.1310519373891152 0.8505171913638105 -0.03120891430404714 -0.4406226900005762
 11.04011716513718 -15.47697469448844 -3.727398899605717 15.76689133882463 -61.11105772437554 -0.1182358950355962 35.05290575902116 45.72405060193714 -80.76014804623563 69.13535454796698 153.2972648205383 62.03160952703725 0.08763361125824083 -0.4755401732990753 0.09612919416124595 0.961063533164055 -0.0291686992729315 -0.7494921186950899
 11.46888058182674 -14.92545507019209 -4.686280057084175 16.5051474578507 -58.87642683039949 0.5148824685839486 34.85881436500511 44.8389938452316 -77.95781768117543 60.02082268504624 181.6773084533377 51.47303769264592 0.08195926320297683 -0.4632365609188656 0.06233813270844478 1.066088224252743 -0.0350980742071131 -1.069263946462115
 11.88904963158933 -14.4038247442084 -5.606057799974613 17.12370314417735 -56.30957590821339 1.002374059274445 34.16008534655218 42.40896959216976 -74.77867828377543 50.28908018915864 208.6870668443983 39.6334626577639 0.06774151470491568 -0.4473136389518256 0.03235653525904934 1.163939168630097 -0.0437530489093978 -1.388302571952323
 12.29919191993717 -13.91709709724477 -6.476299999222185 17.6315824830779 -53.43222960754933 1.353788173621325 33.34490149169448 39.57135341167763 -70.75139831281076 41.29100316264643 233.9305935499234 28.57025319893338 0.05113288921723864 -0.4274299901638549 0.007061056709242037 1.251055234715998 -0.0522326926324754 -1.686460871733515
 12.70026237652873 -13.47472593292085 -7.301703953817309 18.01322012111795 -50.2568975069343 1.572467065429592 32.60735419443533 35.96513531088776 -67.10601256870923 31.02745024715887 258.1570813508155 17.77877169172902 0.02757478127989184 -0.4094332214960358 -0.02027463687167976 1.335563332181673 -0.05440042110302148 -1.974035556040786
 13.09417086068116 -13.07332125094878 -8.079521376202667 18.27248352341465 -46.79995665001248 1.64838397328441 32.02508001239296 32.63452698959928 -63.23718881181776 21.0783253899753 281.0521021887657 6.172106329660025 0.005004902498204137 -0.3911565608286554 -0.04745093865329711 1.41368683173435 -0.06120645093337963 -2.257370418486538
 13.48712441517507 -12.7233395310897 -8.805344311074396 18.41586621164614 -43.08962520819405 1.585358615820041 31.94744345478977 28.45379836252686 -59.00999470501864 11.65712912451112 301.652962749466 -5.12401280198121 -0.02869052387503416 -0.3734804884610677 -0.06896883155956204 1.480918770856881 -0.06890507483983055 -2.519314901465445
