# Created by Octave 4.4.1, Sat Nov 24 00:24:54 2018 GMT <unknown@DESKTOP-IS6IQP5>
# name: J
# type: matrix
# rows: 10
# columns: 14
 -1 -0 0.29647219248564166 -0 -0 -0 -0 1 0 -0.29647219248564166 0 0 0 0
 -0 -1 -0.045871985816581147 -0 -0 -0 -0 0 1 0.045871985816581147 0 0 0 0
 -1 -0 -0 -0 -0 -0 -0 1 0 0 0 0 0 0
 -0 -1 -0 -0 -0 -0 -0 0 1 0 0 0 0 0
 -1 -0 -0 -0.42933213679333992 -0.44268571688306468 -0 -0 1 0 0 0.87201785367640461 -0.13438582807452434 0 0
 -0 -1 -0 -0.23725196676003524 -0.02902777071507617 -0 -0 0 1 0 0.26627973747511147 -0.99092908384642964 0 0
 -1 -0 -0 -0 -0 -0.46064352434819084 -0.41436732960923361 1 0 0 0 0 0.87501085395742439 -0.70176420520581062
 -0 -1 -0 -0 -0 0.16858862028950153 0.15847072776217278 0 1 0 0 0 -0.32705934805167436 -0.7124092926765182
 0 0 0 0 0 0 0 1 0 0 0.87201785367640461 -0.13438582807452434 0 0
 0 0 0 0 0 0 0 0 1 0 0.26627973747511147 -0.99092908384642964 0 0


# name: Jt
# type: matrix
# rows: 14
# columns: 10
 -1 -0 -1 -0 -1 -0 -1 -0 0 0
 -0 -1 -0 -1 -0 -1 -0 -1 0 0
 0.29647219248564166 -0.045871985816581147 -0 -0 -0 -0 -0 -0 0 0
 -0 -0 -0 -0 -0.42933213679333992 -0.23725196676003524 -0 -0 0 0
 -0 -0 -0 -0 -0.44268571688306468 -0.02902777071507617 -0 -0 0 0
 -0 -0 -0 -0 -0 -0 -0.46064352434819084 0.16858862028950153 0 0
 -0 -0 -0 -0 -0 -0 -0.41436732960923361 0.15847072776217278 0 0
 1 0 1 0 1 0 1 0 1 0
 0 1 0 1 0 1 0 1 0 1
 -0.29647219248564166 0.045871985816581147 0 0 0 0 0 0 0 0
 0 0 0 0 0.87201785367640461 0.26627973747511147 0 0 0.87201785367640461 0.26627973747511147
 0 0 0 0 -0.13438582807452434 -0.99092908384642964 0 0 -0.13438582807452434 -0.99092908384642964
 0 0 0 0 0 0 0.87501085395742439 -0.32705934805167436 0 0
 0 0 0 0 0 0 -0.70176420520581062 -0.7124092926765182 0 0


